2 4 0.0002 1
2 8 0.0014 1
2 16 0.0117 1
2 32 0.0927 1
2 64 0.6827 1
2 128 5.6204 1
2 256 38.9783 1
2 512 851.2033 1
2 1024 12457.8910 1
2 2048 138851.6360 1
2 3072 505042.5027 1
2 4096 1229901.0034 1
4 4 0.0002 1
4 8 0.0020 1
4 16 0.0065 1
4 32 0.0484 1
4 64 0.7338 1
4 128 3.2638 1
4 256 28.2150 1
4 512 815.6551 1
4 1024 11912.3807 1
4 2048 131480.4703 1
4 3072 494251.0173 1
4 4096 1267764.3117 1
8 4 0.0002 1
8 8 0.0016 1
8 16 0.0116 1
8 32 0.1048 1
8 64 1.2067 1
8 128 3.0889 1
8 256 30.0877 1
8 512 1088.6736 1
8 1024 12615.1928 1
8 2048 140532.5881 1
8 3072 524778.9883 1
8 4096 1271115.6319 1
8 4 0.0002 1
8 8 0.0009 1
8 16 0.0063 1
8 32 0.0486 1
8 64 0.3777 1
8 128 3.3802 1
8 256 31.2951 1
8 512 780.9982 1
8 1024 12823.6158 1
8 2048 136470.6316 1
8 3072 511468.6901 1
8 4096 1297947.0571 1
