2 4 0.3874 0.0006
2 8 1.5187 0.0009
2 16 0.7107 0.0164
2 32 0.8745 0.1060
2 64 2.3047 0.2962
2 128 3.2920 1.7073
2 256 11.9417 3.2640
2 512 109.3935 7.7811
2 1024 1282.2062 9.7160
2 2048 12678.8670 10.9514
2 3072 42578.7942 11.8614
2 4096 111672.2448 11.0135
4 4 1.2980 0.0002
4 8 0.6446 0.0030
4 16 0.8415 0.0077
4 32 1.4711 0.0329
4 64 2.4831 0.2955
4 128 4.4595 0.7319
4 256 12.3712 2.2807
4 512 67.7123 12.0459
4 1024 697.1406 17.0875
4 2048 6712.9731 19.5860
4 3072 24114.6290 20.4959
4 4096 62522.6468 20.2769
8 4 1.0910 0.0002
8 8 1.5191 0.0011
8 16 3.6009 0.0032
8 32 2.4190 0.0433
8 64 4.6746 0.2581
8 128 7.3944 0.4177
8 256 16.5254 1.8207
8 512 81.9242 13.2888
8 1024 786.7254 16.0351
8 2048 7770.6390 18.0851
8 3072 26187.4818 20.0393
8 4096 65450.3540 19.4211
8 4 1.0251 0.0002
8 8 1.1566 0.0007
8 16 1.5325 0.0041
8 32 4.4902 0.0108
8 64 3.8336 0.0985
8 128 7.4180 0.4557
8 256 16.7292 1.8707
8 512 92.6084 8.4333
8 1024 791.8870 16.1937
8 2048 7549.5377 18.0767
8 3072 26639.4423 19.1997
8 4096 67233.3036 19.3051
