2 4 0.4285 0.0006
2 8 0.5048 0.0028
2 16 0.5150 0.0226
2 32 1.5864 0.0584
2 64 1.7447 0.3913
2 128 5.7695 0.9741
2 256 30.3395 1.2847
2 512 517.6116 1.6445
2 1024 7651.6806 1.6281
2 2048 79185.2538 1.7535
2 3072 274341.1112 1.8409
2 4096 688831.4903 1.7855
4 4 0.8087 0.0003
4 8 0.7906 0.0025
4 16 0.8392 0.0078
4 32 1.4253 0.0340
4 64 2.4613 0.2981
4 128 6.3348 0.5152
4 256 23.4592 1.2027
4 512 306.7106 2.6594
4 1024 4506.6267 2.6433
4 2048 44378.6649 2.9627
4 3072 157618.4958 3.1357
4 4096 403248.2708 3.1439
8 4 1.2694 0.0002
8 8 1.4098 0.0012
8 16 1.5998 0.0073
8 32 3.3855 0.0310
8 64 4.3933 0.2747
8 128 9.2019 0.3357
8 256 32.9778 0.9124
8 512 322.4761 3.3760
8 1024 4348.6467 2.9009
8 2048 47656.0876 2.9489
8 3072 174085.1788 3.0145
8 4096 425318.1026 2.9886
8 4 1.5328 0.0001
8 8 1.4411 0.0006
8 16 2.6439 0.0024
8 32 2.6594 0.0183
8 64 4.6997 0.0804
8 128 8.9935 0.3758
8 256 33.2176 0.9421
8 512 336.0882 2.3238
8 1024 4539.7244 2.8248
8 2048 47577.8786 2.8684
8 3072 172929.1247 2.9577
8 4096 433643.3408 2.9931
