2 4 0.4318 0.0005
2 8 1.4009 0.0010
2 16 0.6264 0.0186
2 32 0.8205 0.1129
2 64 1.7289 0.3949
2 128 6.5939 0.8524
2 256 29.4192 1.3249
2 512 511.9066 1.6628
2 1024 7415.2825 1.6800
2 2048 79073.5217 1.7560
2 3072 274939.2250 1.8369
2 4096 675515.0989 1.8207
4 4 1.1404 0.0002
4 8 1.3678 0.0014
4 16 0.8480 0.0077
4 32 1.3354 0.0363
4 64 2.6118 0.2810
4 128 6.0488 0.5396
4 256 22.9479 1.2295
4 512 287.9581 2.8325
4 1024 4644.9523 2.5646
4 2048 43291.7244 3.0371
4 3072 155503.5018 3.1784
4 4096 398559.1610 3.1809
8 4 1.3897 0.0002
8 8 1.2839 0.0013
8 16 2.2941 0.0051
8 32 3.3664 0.0311
8 64 4.0445 0.2983
8 128 8.4614 0.3651
8 256 32.6534 0.9214
8 512 319.0194 3.4126
8 1024 4323.6017 2.9178
8 2048 48351.2821 2.9065
8 3072 172952.0018 3.0342
8 4096 425947.0634 2.9842
8 4 2.0836 0.0001
8 8 1.2169 0.0007
8 16 1.6192 0.0039
8 32 2.1890 0.0222
8 64 3.7779 0.1000
8 128 8.1091 0.4168
8 256 33.9598 0.9215
8 512 362.7316 2.1531
8 1024 4710.6275 2.7223
8 2048 48041.2012 2.8407
8 3072 173518.3100 2.9476
8 4096 424709.8426 3.0561
