2 4 0.5605 0.0004
2 8 1.6927 0.0008
2 16 0.8087 0.0144
2 32 3.9902 0.0232
2 64 1.4517 0.4702
2 128 3.8612 1.4556
2 256 15.5250 2.5107
2 512 182.7301 4.6583
2 1024 2362.1188 5.2740
2 2048 23755.4258 5.8450
2 3072 79723.5196 6.3349
2 4096 209020.7029 5.8841
4 4 4.9761 0.0000
4 8 0.6441 0.0030
4 16 0.9122 0.0071
4 32 1.4612 0.0331
4 64 2.2151 0.3313
4 128 4.9014 0.6659
4 256 14.7602 1.9116
4 512 111.5105 7.3146
4 1024 1266.7341 9.4040
4 2048 12782.8004 10.2857
4 3072 46047.3772 10.7335
4 4096 118450.2243 10.7029
8 4 1.0762 0.0002
8 8 1.6143 0.0010
8 16 2.1852 0.0053
8 32 2.3830 0.0440
8 64 4.2515 0.2838
8 128 7.7949 0.3963
8 256 19.4877 1.5439
8 512 127.7679 8.5207
8 1024 1464.1590 8.6160
8 2048 13939.7466 10.0814
8 3072 50045.1346 10.4861
8 4096 129314.8187 9.8296
8 4 1.1252 0.0002
8 8 1.1830 0.0007
8 16 2.2504 0.0028
8 32 6.7367 0.0072
8 64 4.1990 0.0899
8 128 7.3665 0.4589
8 256 19.6517 1.5925
8 512 133.9422 5.8309
8 1024 1518.0099 8.4476
8 2048 14245.8338 9.5797
8 3072 49976.0725 10.2343
8 4096 123501.9648 10.5095
