2 4 0.4065 0.0006
2 8 1.0258 0.0014
2 16 0.5677 0.0205
2 32 1.9010 0.0488
2 64 3.1612 0.2160
2 128 10.8186 0.5195
2 256 69.2607 0.5628
2 512 573.1460 1.4851
2 1024 6995.0510 1.7810
2 2048 83262.8077 1.6676
2 3072 271218.5920 1.8621
2 4096 722717.5114 1.7018
4 4 3.7339 0.0001
4 8 0.6312 0.0031
4 16 0.9031 0.0072
4 32 1.4189 0.0341
4 64 2.7973 0.2623
4 128 9.3073 0.3507
4 256 49.0127 0.5757
4 512 342.9434 2.3784
4 1024 4465.8847 2.6674
4 2048 48504.3421 2.7107
4 3072 172638.3234 2.8629
4 4096 457453.5343 2.7714
8 4 1.1361 0.0002
8 8 4.7526 0.0003
8 16 3.0498 0.0038
8 32 2.3657 0.0443
8 64 4.2557 0.2835
8 128 12.1046 0.2552
8 256 53.3474 0.5640
8 512 418.3823 2.6021
8 1024 4787.5142 2.6350
8 2048 45213.4351 3.1082
8 3072 198373.1546 2.6454
8 4096 471637.4475 2.6951
8 4 3.2878 0.0001
8 8 1.1323 0.0008
8 16 1.7000 0.0037
8 32 3.8442 0.0126
8 64 4.8478 0.0779
8 128 11.7443 0.2878
8 256 50.4669 0.6201
8 512 390.4420 2.0003
8 1024 4171.3668 3.0742
8 2048 57167.5596 2.3872
8 3072 194891.3570 2.6244
8 4096 485028.7749 2.6760
