2 4 0.0002 1
2 8 0.0015 1
2 16 0.0119 1
2 32 0.0910 1
2 64 0.3903 1
2 128 3.6982 1
2 256 26.3627 1
2 512 282.6724 1
2 1024 1657.6987 1
2 2048 12688.7590 1
2 3072 42648.6777 1
2 4096 101562.1341 1
4 4 0.0002 1
4 8 0.0008 1
4 16 0.0061 1
4 32 0.0934 1
4 64 0.3786 1
4 128 3.0410 1
4 256 24.3232 1
4 512 271.9902 1
4 1024 1593.3728 1
4 2048 12643.3489 1
4 3072 42118.8478 1
4 4096 100641.7837 1
8 4 0.0002 1
8 8 0.0008 1
8 16 0.0117 1
8 32 0.1716 1
8 64 1.1286 1
8 128 5.8485 1
8 256 28.1646 1
8 512 253.9330 1
8 1024 2121.6127 1
8 2048 16364.9073 1
8 3072 49002.8661 1
8 4096 114781.5819 1
