2 4 0.3599 0.0005
2 8 0.3987 0.0036
2 16 0.7498 0.0159
2 32 0.8306 0.1096
2 64 1.4101 0.2768
2 128 3.9892 0.9271
2 256 11.5701 2.2785
2 512 58.8282 4.8051
2 1024 407.7978 4.0650
2 2048 3052.4384 4.1569
2 3072 9832.7336 4.3374
2 4096 21304.0653 4.7673
4 4 0.6199 0.0004
4 8 0.7980 0.0010
4 16 0.8763 0.0069
4 32 1.5787 0.0592
4 64 2.3551 0.1608
4 128 4.8584 0.6259
4 256 12.0800 2.0135
4 512 46.0920 5.9010
4 1024 275.8862 5.7755
4 2048 1976.0714 6.3982
4 3072 6507.7172 6.4721
4 4096 15400.5992 6.5349
8 4 1.0208 0.0002
8 8 1.6097 0.0005
8 16 5.1415 0.0023
8 32 2.7970 0.0614
8 64 3.8834 0.2906
8 128 7.3803 0.7925
8 256 17.7592 1.5859
8 512 54.4039 4.6676
8 1024 285.2281 7.4383
8 2048 1979.4054 8.2676
8 3072 6536.3673 7.4970
8 4096 15279.5411 7.5121
