2 4 0.5464 0.0003
2 8 0.9441 0.0015
2 16 2.3371 0.0051
2 32 0.8098 0.1124
2 64 1.7063 0.2288
2 128 7.3478 0.5033
2 256 26.0122 1.0135
2 512 200.9819 1.4065
2 1024 1351.2211 1.2268
2 2048 8965.6219 1.4153
2 3072 29045.9809 1.4683
2 4096 69519.2340 1.4609
4 4 1.1608 0.0002
4 8 0.7135 0.0011
4 16 0.8748 0.0069
4 32 4.3548 0.0215
4 64 2.5790 0.1468
4 128 6.2396 0.4874
4 256 22.7022 1.0714
4 512 150.0947 1.8121
4 1024 995.9795 1.5998
4 2048 7256.6143 1.7423
4 3072 23669.8104 1.7794
4 4096 58768.7935 1.7125
8 4 1.6524 0.0001
8 8 1.2102 0.0006
8 16 1.5942 0.0074
8 32 2.7462 0.0625
8 64 4.2222 0.2673
8 128 8.7555 0.6680
8 256 27.7982 1.0132
8 512 140.9735 1.8013
8 1024 1023.6546 2.0726
8 2048 7328.7725 2.2330
8 3072 24100.7709 2.0332
8 4096 56321.7452 2.0380
