2 4 2.7300 0.0001
2 8 0.5959 0.0024
2 16 0.4879 0.0244
2 32 8.5749 0.0106
2 64 1.5840 0.2464
2 128 6.3277 0.5845
2 256 30.4055 0.8670
2 512 198.5386 1.4238
2 1024 1361.0778 1.2179
2 2048 9701.0738 1.3080
2 3072 30433.8905 1.4014
2 4096 68185.7774 1.4895
4 4 0.7077 0.0003
4 8 1.2112 0.0006
4 16 0.7978 0.0076
4 32 1.3227 0.0706
4 64 2.5893 0.1462
4 128 7.0375 0.4321
4 256 23.3119 1.0434
4 512 216.3571 1.2571
4 1024 1024.5869 1.5551
4 2048 7189.2852 1.7586
4 3072 24308.4261 1.7327
4 4096 55782.3213 1.8042
8 4 1.3773 0.0002
8 8 1.2419 0.0006
8 16 2.0170 0.0058
8 32 2.4898 0.0689
8 64 3.7575 0.3003
8 128 11.2626 0.5193
8 256 26.7030 1.0547
8 512 141.8544 1.7901
8 1024 988.8111 2.1456
8 2048 7179.2850 2.2795
8 3072 23715.4115 2.0663
8 4096 56175.0127 2.0433
