2 4 0.3637 0.0005
2 8 0.4387 0.0033
2 16 0.5755 0.0207
2 32 0.8473 0.1074
2 64 2.1446 0.1820
2 128 11.0242 0.3355
2 256 72.1684 0.3653
2 512 501.8803 0.5632
2 1024 4742.4650 0.3495
2 2048 60170.3098 0.2109
2 3072 222870.1685 0.1914
2 4096 545700.2113 0.1861
4 4 0.5749 0.0004
4 8 0.6442 0.0012
4 16 0.8022 0.0076
4 32 1.6950 0.0551
4 64 2.8749 0.1317
4 128 8.9998 0.3379
4 256 44.4700 0.5470
4 512 307.5340 0.8844
4 1024 3493.1192 0.4561
4 2048 41795.4154 0.3025
4 3072 154523.8685 0.2726
4 4096 374346.4576 0.2688
8 4 1.8696 0.0001
8 8 2.1206 0.0004
8 16 2.2462 0.0052
8 32 2.2881 0.0750
8 64 5.3756 0.2099
8 128 11.2816 0.5184
8 256 55.6229 0.5063
8 512 325.2248 0.7808
8 1024 3324.6782 0.6381
8 2048 42532.4099 0.3848
8 3072 156666.6238 0.3128
8 4096 378377.3941 0.3034
