2 4 0.3603 0.0005
2 8 0.5138 0.0028
2 16 0.4935 0.0241
2 32 0.7661 0.1188
2 64 1.5057 0.2593
2 128 4.4028 0.8400
2 256 17.1368 1.5384
2 512 107.3106 2.6342
2 1024 759.2034 2.1835
2 2048 5267.5349 2.4089
2 3072 16970.2976 2.5131
2 4096 38652.8244 2.6275
4 4 0.5942 0.0004
4 8 0.7927 0.0010
4 16 0.9170 0.0066
4 32 1.7500 0.0534
4 64 2.4553 0.1542
4 128 4.8182 0.6311
4 256 14.6470 1.6606
4 512 80.7349 3.3689
4 1024 511.5491 3.1148
4 2048 3769.6708 3.3540
4 3072 12469.0637 3.3779
4 4096 33888.5134 2.9698
8 4 1.7606 0.0001
8 8 1.2521 0.0006
8 16 1.7955 0.0065
8 32 2.6065 0.0659
8 64 3.6785 0.3068
8 128 7.4169 0.7885
8 256 19.7490 1.4261
8 512 85.8644 2.9574
8 1024 486.2767 4.3630
8 2048 3823.5409 4.2800
8 3072 12480.4881 3.9264
8 4096 29668.0420 3.8689
