1.0000 0.5000 0.5000 0.5000 0.5000 0.5000 0.5000 0.5000 0.5000 0.5000 0.5000 0.5000 0.5000 0.5000 0.5000 0.5000 
0.0000 1.0000 0.4286 0.4286 0.4286 0.4286 0.4286 0.4286 0.4286 0.4286 0.4286 0.4286 0.4286 0.4286 0.4286 0.4286 
0.0000 0.0000 1.0000 0.3913 0.3913 0.3913 0.3913 0.3913 0.3913 0.3913 0.3913 0.3913 0.3913 0.3913 0.3913 0.3913 
0.0000 0.0000 0.0000 1.0000 0.3699 0.3699 0.3699 0.3699 0.3699 0.3699 0.3699 0.3699 0.3699 0.3699 0.3699 0.3699 
0.0000 0.0000 0.0000 0.0000 1.0000 0.3568 0.3568 0.3568 0.3568 0.3568 0.3568 0.3568 0.3568 0.3568 0.3568 0.3568 
0.0000 0.0000 0.0000 0.0000 0.0000 1.0000 0.3486 0.3486 0.3486 0.3486 0.3486 0.3486 0.3486 0.3486 0.3486 0.3486 
0.0000 0.0000 0.0000 0.0000 0.0000 0.0000 1.0000 0.3434 0.3434 0.3434 0.3434 0.3434 0.3434 0.3434 0.3434 0.3434 
0.0000 0.0000 0.0000 0.0000 0.0000 0.0000 0.0000 1.0000 0.3400 0.3400 0.3400 0.3400 0.3400 0.3400 0.3400 0.3400 
0.0000 0.0000 0.0000 0.0000 0.0000 0.0000 0.0000 0.0000 1.0000 0.3377 0.3377 0.3377 0.3377 0.3377 0.3377 0.3377 
0.0000 0.0000 0.0000 0.0000 0.0000 0.0000 0.0000 0.0000 0.0000 1.0000 0.3362 0.3362 0.3362 0.3362 0.3362 0.3362 
0.0000 0.0000 0.0000 0.0000 0.0000 0.0000 0.0000 0.0000 0.0000 0.0000 1.0000 0.3353 0.3353 0.3353 0.3353 0.3353 
0.0000 0.0000 0.0000 0.0000 0.0000 0.0000 0.0000 0.0000 0.0000 0.0000 0.0000 1.0000 0.3346 0.3346 0.3346 0.3346 
0.0000 0.0000 0.0000 0.0000 0.0000 0.0000 0.0000 0.0000 0.0000 0.0000 0.0000 0.0000 1.0000 0.3342 0.3342 0.3342 
0.0000 0.0000 0.0000 0.0000 0.0000 0.0000 0.0000 0.0000 0.0000 0.0000 0.0000 0.0000 0.0000 1.0000 0.3339 0.3339 
0.0000 0.0000 0.0000 0.0000 0.0000 0.0000 0.0000 0.0000 0.0000 0.0000 0.0000 0.0000 0.0000 0.0000 1.0000 0.3337 
0.0000 0.0000 0.0000 0.0000 0.0000 0.0000 0.0000 0.0000 0.0000 0.0000 0.0000 0.0000 0.0000 0.0000 0.0000 1.0000 
